1,2,4,6,16
2,4,10,16,1644
3,7,10,23,32
2,4,10,16,17
5,12,15,21,1668
1,6,13,16,18
7,23,867,883,1841
1,2,4,8,19
9,17,20,102,1649
2,4,10,22,23
2,10,11,22,23
1,4,6,12,17
6,13,16,18,1641
2,4,14,16,19
4,10,15,17,1641
1,2,4,16,1641
1,4,17,19,1640
6,13,16,18,1641
2,4,8,16,19
9,15,17,20,1642
3,5,21,34,103
10,11,16,22,23
10,11,16,22,23
24,25,29,33,476
25,31,33,1640,1747
26,28,32,1646,1720
27,34,122,125,131
26,28,32,1417,1646
24,25,29,31,33
24,30,31,33,1640
25,31,135,1640,1747
29,32,34,35,130
24,25,31,33,1747
27,34,104,108,135
29,32,35,866,1835
36,1432,1648,1830,1944
36,37,41,1649,1830
38,39,43,44,45
38,39,44,45,236
37,40,41,469,1649
37,41,1471,1474,1649
42,45,469,1745,1748
36,43,464,1432,1830
38,39,44,45,236
38,39,44,45,1649
46,55,67,70,92
47,60,62,98,1654
48,49,1637,1659,2009
48,49,50,72,1659
49,50,66,72,96
47,51,62,70,71
52,59,71,88,99
53,69,79,84,86
51,54,62,71,1657
55,75,83,87,1652
56,60,79,98,100
57,61,63,102,1655
58,63,66,74,79
52,59,88,99,1653
56,60,65,98,100
57,61,63,1655,1658
47,51,52,62,71
58,61,63,82,94
49,50,64,77,1651
56,60,65,100,1654
58,66,79,96,1659
59,67,88,99,1653
68,79,100,1651,1652
56,60,69,95,100
51,53,62,70,79
51,52,62,71,1657
48,49,50,72,1659
48,49,50,72,73
58,60,66,74,98
52,75,87,93,1651
67,76,243,1835,1909
49,50,64,77,1651
49,61,78,82,102
56,60,79,98,100
53,56,80,86,100
69,79,81,95,1658
82,88,99,1653,1655
55,70,83,92,1652
53,79,84,86,1658
61,85,94,1655,1660
53,79,80,84,86
52,75,87,90,93
52,59,88,99,1653
52,79,81,89,1653
50,75,87,90,96
47,83,91,1652,1657
52,70,83,90,92
52,75,87,93,1653
57,58,61,63,94
69,79,81,95,1653
50,66,79,96,1659
53,60,62,80,97
56,60,79,98,100
52,59,88,99,1653
56,60,79,98,100
66,68,101,1651,1659
57,61,82,102,1655
103,116,118,131,133
104,120,126,129,1665
103,105,106,118,122
103,105,106,118,122
107,114,116,118,122
104,108,117,126,1665
105,106,109,116,1664
110,111,136,1663,1667
110,111,125,136,1663
35,106,112,125,130
113,118,122,131,133
104,114,116,118,122
113,115,122,131,133
103,104,114,116,118
104,108,117,126,1665
104,105,106,116,118
119,120,121,129,1666
104,120,126,129,1665
104,120,121,126,129
113,114,118,122,131
109,114,123,234,241
104,108,124,126,135
111,117,125,126,1665
104,120,126,129,1665
117,127,1663,1665,1667
108,117,128,1645,1665
104,120,126,129,1665
32,112,125,130,1645
113,116,118,122,131
105,106,113,118,132
103,113,118,131,133
117,134,1663,1665,1667
104,108,117,135,1665
110,127,136,1663,1667
137,140,149,184,1672
137,138,158,159,186
139,141,156,163,1676
140,144,149,184,1672
139,141,156,1671,1676
142,157,169,1454,1678
143,173,185,1670,1674
140,144,149,184,1672
145,1411,1425,1960,1961
146,152,165,179,1675
147,1556,1564,1990,2000
148,160,176,181,188
140,144,149,184,1672
150,168,177,184,1680
151,166,168,187,1680
152,167,172,175,183
153,178,182,191,1829
154,160,161,164,176
155,909,1681,1683,1950
156,166,168,187,1680
143,157,169,1671,1676
144,149,158,1672,1676
140,144,149,159,1672
154,160,176,1454,1678
154,160,161,176,1458
149,162,184,1679,1829
156,163,166,168,1680
143,164,169,1670,1671
146,152,165,179,1675
151,166,168,187,1680
167,180,183,1670,1674
151,166,168,187,1680
143,157,169,1671,1678
170,1451,1456,1679,1829
158,171,172,185,186
171,172,180,186,1674
143,173,185,1670,1674
174,827,829,830,1828
171,172,175,1670,1674
154,160,161,164,176
150,168,177,184,1680
178,182,1673,1679,1829
165,167,179,183,1675
159,171,172,180,186
164,167,181,183,1677
178,182,191,1673,1829
167,180,181,183,1670
140,144,149,184,1672
143,173,185,1670,1674
158,159,171,172,186
151,166,168,187,1680
148,164,181,183,188
189,190,199,210,214
190,205,212,213,214
191,827,833,1673,1828
192,197,202,212,1685
193,206,215,1639,1684
194,198,199,203,210
195,205,211,214,1685
192,196,201,207,1685
195,197,202,211,1685
194,198,199,203,210
189,199,205,210,213
190,198,200,213,214
195,201,205,214,1685
192,197,202,211,1685
194,198,199,203,210
197,202,204,212,1685
195,205,214,1682,1685
193,206,210,215,1639
192,196,201,207,1685
191,208,255,1673,1829
191,194,198,209,1467
199,205,210,213,1682
197,202,205,211,1685
192,195,202,212,1685
190,205,210,213,1682
190,195,205,214,1685
193,206,215,1681,1684
216,1737,1739,1757,1786
217,225,226,228,229
218,222,224,1689,1690
219,220,221,433,1687
219,220,221,1687,1688
219,221,728,1694,1799
218,222,733,1690,1805
223,224,226,227,1689
216,218,224,1689,1739
217,225,228,229,1558
217,226,1518,1689,1739
224,226,227,1550,1689
216,217,225,228,229
217,225,228,229,1558
226,230,425,447,1689
231,232,234,241,1394
10,232,233,236,242
1,4,10,232,233
123,231,234,241,242
235,1467,1469,1830,1971
10,11,23,232,236
237,239,240,242,1471
15,232,235,236,238
239,242,1108,1643,1644
237,239,240,242,244
123,231,234,239,241
99,232,237,239,242
76,232,236,243,1693
237,239,240,242,244
245,254,732,1806,1807
246,252,259,1694,1799
247,253,255,256,260
248,257,1524,1697,1800
246,249,252,259,1694
248,250,254,257,1524
251,730,732,1696,1806
246,252,259,1694,1799
247,253,255,256,260
245,254,730,1589,1696
247,253,255,256,260
147,256,1556,1564,2000
248,257,415,1697,1800
252,257,258,1697,1800
246,252,259,1694,1799
247,253,255,256,260
261,270,272,279,281
261,262,271,276,279
263,265,277,278,1700
261,264,269,270,1702
265,271,276,281,1700
266,267,539,1628,1701
266,267,780,1628,1701
261,262,268,277,1749
261,269,270,274,1702
261,269,270,272,1702
265,271,276,1699,1700
261,270,272,274,1700
273,278,279,281,1700
261,269,272,274,1700
265,275,278,279,281
262,265,271,275,276
265,273,277,279,281
273,278,279,281,1700
261,279,281,283,1702
272,279,280,281,283
261,279,281,283,1702
282,994,1009,1744,1866
279,281,283,1700,1702
284,286,288,909,1683
285,511,521,1495,1607
284,285,286,291,1683
287,800,1557,1814,1823
287,288,290,1703,1814
289,292,1597,1616,1825
290,796,1574,1586,1808
291,756,761,793,1993
289,292,1597,1616,1825
293,306,312,342,345
294,316,318,332,1718
295,296,301,319,323
295,296,323,332,339
296,297,332,347,1710
298,306,342,344,345
295,299,301,334,1707
300,303,316,1708,1715
295,296,301,319,323
293,298,302,342,345
303,316,318,332,1715
304,322,324,354,1706
305,329,334,341,343
293,298,306,342,345
307,329,343,348,1713
308,323,338,1709,1712
309,310,321,336,1705
309,310,321,336,1705
308,311,323,1709,1712
293,302,306,312,345
295,313,319,338,1709
309,314,327,335,353
304,315,322,353,1722
294,316,1707,1715,1718
307,317,320,343,1706
303,318,1707,1715,1718
295,296,301,319,323
320,339,348,1706,1713
309,321,336,1710,1718
308,311,322,1706,1712
296,301,319,323,1709
304,324,332,339,1706
320,325,326,328,1713
320,325,326,328,1713
300,316,321,327,336
328,341,348,349,1713
307,329,343,348,1713
330,333,334,355,1709
299,331,334,1714,1716
296,332,339,354,1718
307,330,333,348,1713
305,313,334,343,1714
309,314,327,335,353
309,321,336,1710,1718
296,320,337,339,347
313,320,323,338,1709
296,320,323,339,347
340,354,1705,1710,1718
307,341,348,349,1713
293,298,306,342,345
307,329,343,348,1713
298,344,345,346,351
293,298,306,342,345
298,344,345,346,351
296,323,332,339,347
307,320,348,349,1713
328,341,348,349,1713
300,318,350,1707,1708
298,344,346,351,363
308,330,352,355,1709
315,353,354,1705,1710
296,319,332,354,1718
330,333,334,355,1709
356,360,362,367,370
247,357,1510,1524,1984
308,311,358,364,1712
359,362,364,366,368
356,360,362,365,370
359,361,366,368,1722
360,362,365,367,370
363,519,758,1487,1698
322,358,364,1719,1721
360,362,365,367,370
359,364,365,366,368
356,362,365,367,370
309,327,359,366,368
350,364,369,372,1719
356,360,365,367,370
305,364,367,371,1721
299,350,369,372,1719
373,384,413,1726,1729
374,396,397,405,412
375,397,405,410,1523
376,400,404,414,1724
377,386,387,407,424
378,380,393,620,1533
379,383,402,404,423
380,420,1528,1533,1757
381,389,408,421,1723
374,382,392,409,1727
383,402,404,1724,1740
373,384,390,413,1729
373,384,385,390,413
377,386,387,407,424
377,386,387,407,424
388,392,407,409,414
386,389,407,708,721
373,384,390,413,1726
376,391,400,421,423
392,396,409,412,414
378,393,620,627,1789
394,409,418,421,423
395,422,1726,1729,1730
374,392,396,406,412
374,397,405,420,2006
398,453,804,1825,1826
399,438,442,443,1780
376,400,404,414,1724
401,420,428,1738,1739
383,402,404,406,1529
403,406,416,420,1528
383,396,402,404,412
374,397,405,1512,1729
380,403,406,420,1528
377,386,387,407,424
398,408,453,1470,1821
392,396,409,412,1727
375,397,405,410,1523
411,432,627,1728,1736
374,392,396,406,412
373,384,413,1726,1729
388,392,414,421,423
257,415,1697,1800,1804
380,403,406,416,420
373,384,405,416,417
394,414,418,421,423
373,374,409,419,1731
380,420,442,1514,1528
394,418,421,423,1724
377,387,422,424,1723
394,418,421,423,1724
377,386,387,407,424
425,434,440,443,447
426,427,433,437,439
426,427,433,437,439
428,444,446,1737,1738
429,443,448,1538,1980
247,430,441,443,445
425,431,434,443,447
411,432,434,1728,1736
426,427,433,437,439
425,434,440,443,447
399,435,438,442,443
436,1518,1538,1539,1734
426,427,433,437,439
399,438,442,443,448
426,427,433,437,439
399,425,434,440,442
430,441,443,445,1524
399,438,442,443,1780
434,435,438,442,443
428,444,446,1737,1738
247,430,441,443,445
428,444,446,1737,1738
425,434,443,447,1739
448,1508,1544,1737,1739
375,405,449,450,454
397,449,450,1523,2006
451,457,458,1740,1742
452,456,457,460,1742
398,453,464,804,1825
397,405,449,454,1512
449,450,454,455,1507
452,456,457,460,461
452,456,457,460,461
451,457,458,1740,1742
459,460,462,1512,1978
452,456,459,460,462
452,456,457,460,461
459,460,462,1512,1978
463,473,477,493,1746
464,466,470,491,1743
465,472,478,480,486
466,467,470,491,1743
466,467,491,495,1743
466,467,468,483,495
469,475,476,492,1748
464,466,470,491,1743
463,471,473,493,1749
465,472,478,482,496
463,471,473,493,1749
472,474,482,485,496
469,475,476,492,1748
475,476,494,1747,1748
463,477,480,493,1746
465,472,478,479,485
465,478,479,485,486
465,478,480,481,486
479,481,483,486,487
472,474,478,482,496
481,483,486,487,495
472,482,484,491,496
465,478,479,485,486
465,479,481,485,486
481,483,486,487,495
466,467,483,488,495
479,482,485,489,496
464,470,479,485,490
464,466,470,491,1743
469,475,492,494,1748
463,471,473,493,1746
469,475,476,494,1747
466,467,488,495,1743
472,474,478,482,496
497,498,500,506,508
497,498,500,505,506
499,501,505,1530,1751
497,498,500,505,506
498,499,501,505,1751
502,503,1527,1750,1752
502,503,505,508,1750
504,808,1750,1984,1989
498,500,505,1750,1751
497,498,500,506,508
502,505,506,507,1527
497,503,505,506,508
509,1470,1481,1560,1568
426,427,510,530,1457
511,529,1456,1758,1825
363,512,707,1487,1835
513,519,716,717,718
514,524,1465,1498,1756
515,1493,1495,1590,1969
432,511,516,529,1736
517,522,532,1617,1753
518,522,532,1500,1753
519,533,716,718,809
520,1616,1753,1758,1824
515,521,1495,1967,1969
517,518,522,532,1595
512,523,588,935,1755
514,524,1465,1617,1756
525,984,1009,1395,1954
526,528,1448,1611,1826
527,821,953,1611,1753
526,528,1448,1611,1826
511,529,811,1495,1758
530,720,1694,1799,1802
531,1556,1562,1564,1990
517,518,522,532,1595
533,716,718,809,1799
534,536,538,540,542
535,537,570,1011,1018
536,538,542,543,1577
537,1018,1022,1023,1871
536,538,540,542,543
539,780,1628,1823,1975
536,540,544,1759,1973
541,964,1012,1635,1861
536,538,540,542,543
536,538,542,543,544
540,541,544,1759,1973
545,546,547,571,595
545,546,547,550,559
545,547,551,553,1763
548,549,552,557,1766
549,552,561,572,1810
546,550,559,574,1871
547,551,553,1763,1771
548,549,552,557,1581
545,547,551,553,595
545,554,555,1762,1767
545,554,555,1762,1767
548,552,556,558,562
548,549,552,557,1766
558,591,602,603,1770
546,550,559,571,1871
551,553,556,560,562
549,561,572,1356,1810
551,553,562,569,570
563,564,565,566,1768
564,565,566,576,1768
563,564,565,566,1768
563,564,565,566,1768
567,1127,1144,1341,1348
563,568,572,573,575
569,570,571,595,1024
569,570,571,1024,1871
545,570,571,1767,1871
561,563,572,1766,1810
563,568,572,573,575
574,1022,1023,1647,1871
563,568,572,573,575
564,565,566,576,1768
577,579,583,603,1810
578,596,600,611,1816
579,603,612,1775,1776
580,600,601,609,1773
571,574,581,595,1871
582,600,607,612,1773
577,583,586,603,1775
582,584,589,608,1580
578,585,596,1644,1816
583,586,592,603,1810
585,586,587,610,1769
535,545,581,588,595
589,608,1579,1580,1584
590,593,599,601,609
591,600,603,611,1773
578,586,592,1775,1810
590,593,599,609,1771
594,611,612,1775,1776
545,571,595,1762,1772
578,585,596,600,1773
594,597,605,611,1774
559,598,1398,1432,1992
593,599,601,609,1771
600,603,607,1769,1773
590,593,599,601,609
558,578,596,602,1770
591,600,603,1773,1776
604,605,1014,1015,1020
604,605,1014,1015,1588
550,578,606,1816,1871
600,603,607,1769,1773
591,608,1579,1584,1774
590,593,599,601,609
587,600,610,1769,1773
578,591,594,611,1774
579,594,612,1775,1776
558,578,600,613,1773
614,616,617,619,1777
615,622,807,811,1780
614,616,618,629,1777
615,617,623,628,1780
401,616,617,618,626
614,619,621,628,1777
620,628,629,709,1780
616,619,621,624,1777
615,622,625,629,1780
615,617,623,629,1780
615,621,624,626,1777
399,622,625,627,1780
614,616,618,624,626
399,625,627,1780,1789
620,628,709,1519,1780
615,622,625,629,1780
630,649,1418,1432,1781
631,632,637,645,648
631,632,637,645,648
632,633,634,642,1784
631,632,634,642,648
635,643,647,1464,1781
178,182,636,646,1829
631,632,637,645,648
638,643,648,1783,1785
631,632,637,639,644
639,640,641,644,647
641,643,645,647,648
633,634,642,645,1784
631,643,647,648,1785
631,632,639,644,645
631,632,637,645,648
178,636,646,831,1829
639,640,641,643,647
631,632,637,645,648
630,649,1493,1590,1967
650,652,658,659,677
651,667,674,677,1977
652,658,660,676,1977
492,653,662,956,1745
654,656,669,670,671
655,663,664,668,675
656,667,670,672,674
479,481,485,486,657
652,658,660,676,1977
650,659,665,677,1788
658,660,663,676,1791
528,661,810,1782,1787
653,662,947,956,1745
658,660,663,676,1791
655,663,664,668,675
659,660,665,676,1788
656,666,667,670,671
667,672,674,678,1790
655,663,664,668,675
654,656,669,670,671
656,667,670,672,674
654,666,667,669,671
656,672,674,678,1790
660,673,676,677,1791
656,672,674,678,1790
655,663,664,668,675
658,660,663,676,1791
650,660,676,677,1791
667,672,674,678,1790
679,680,685,1792,1794
679,680,685,1792,1794
680,681,1792,1793,1795
682,685,686,1793,1794
42,681,682,683,1966
680,684,685,1792,1794
679,680,685,1792,1794
680,682,685,686,1794
687,696,1573,1857,1866
688,689,692,1795,1798
688,689,695,1795,1797
690,692,694,699,702
690,691,693,700,1796
692,694,698,699,702
689,692,693,698,702
690,692,694,699,702
689,695,1795,1797,1798
32,696,697,887,1596
696,697,1449,1455,1460
689,692,694,698,702
694,699,702,1796,1798
690,699,700,1631,1796
585,701,902,1644,1816
690,692,694,699,702
703,711,723,725,1801
704,732,736,1566,1806
705,713,726,727,1802
706,713,719,722,724
707,719,723,725,1801
705,708,721,727,1802
709,724,728,1799,1804
248,257,709,710,1804
703,711,723,725,1801
147,712,1556,1563,1989
706,713,722,1801,1802
709,714,724,1803,1804
705,715,727,728,1802
519,533,716,718,809
717,719,723,725,1801
519,533,716,718,809
706,717,719,723,725
720,1694,1695,1799,1802
705,708,721,727,1802
706,713,722,1801,1802
705,717,719,723,725
706,709,722,724,1804
705,719,723,725,1802
705,713,726,1801,1804
705,713,727,1801,1802
705,709,726,728,1802
729,731,737,738,1807
251,730,732,1696,1806
731,732,738,1806,1807
730,732,1696,1806,1807
221,733,734,1512,1805
448,710,731,734,1739
729,731,735,737,1807
147,256,736,1806,2000
729,731,737,738,1807
729,730,737,738,1807
739,778,1576,1808,1820
740,742,746,747,748
741,742,746,747,748
740,741,742,745,748
743,746,747,749,1809
743,744,746,749,1809
740,742,745,748,792
743,746,747,749,1809
743,746,747,749,1809
740,741,742,745,748
743,746,747,749,1809
750,755,760,762,767
751,754,760,763,1811
752,756,766,1568,1815
753,760,765,768,1815
751,754,757,760,1811
750,755,760,762,767
752,756,766,795,1815
751,754,757,760,1811
363,758,1487,1801,1992
751,754,757,759,1811
751,754,760,762,1811
761,763,765,768,786
751,754,760,762,1811
751,761,763,765,768
751,764,1703,1812,1813
753,763,765,768,1815
752,756,766,1815,1823
750,755,760,762,767
753,761,763,765,768
535,606,769,776,1817
770,773,784,798,1818
771,781,787,792,1818
772,781,801,1819,1822
770,773,784,798,1818
770,774,784,786,801
775,781,787,789,1819
758,769,776,1484,1817
777,801,1561,1818,1819
739,771,778,1576,1820
772,775,779,785,1819
780,791,795,1737,1823
772,781,798,1818,1819
771,777,782,792,1561
771,772,781,783,796
770,773,784,798,1818
772,775,779,785,801
773,786,798,799,1818
771,781,787,789,1819
780,788,791,800,1823
775,781,787,789,1819
614,783,788,790,802
780,788,791,795,1823
745,781,792,798,1818
756,777,793,795,801
772,794,1808,1819,1822
780,791,793,795,1823
796,800,801,1808,1819
770,774,786,797,799
770,773,798,1818,1819
773,786,798,799,1818
788,796,800,801,1814
772,774,800,801,1819
777,791,795,802,1823
615,803,814,1546,1824
804,807,810,1825,1826
805,809,1487,1799,1826
415,806,812,1697,1800
807,810,811,812,1826
808,1545,1984,1989,2008
533,716,718,809,1826
807,810,1567,1800,1826
615,807,810,811,812
807,810,811,812,1800
528,813,1619,1758,2007
804,807,811,814,1758
697,815,817,820,1455
816,818,823,824,1831
817,826,829,830,833
816,818,823,824,1831
453,819,822,835,1827
820,822,827,1648,1827
527,821,953,1460,1753
822,827,830,833,1828
816,818,823,831,1831
816,818,823,824,825
818,823,824,825,831
826,829,830,831,1828
822,827,830,833,1828
826,828,834,836,1617
827,829,830,833,1828
827,830,831,833,1828
818,823,825,826,831
35,398,829,830,832
191,827,830,833,1828
816,826,829,834,1753
453,807,835,1825,1826
818,823,826,831,836
837,868,878,882,1841
838,843,880,1832,1836
839,851,873,876,1833
840,848,860,864,1839
841,851,853,873,1833
842,843,845,880,1836
843,845,870,880,1836
843,844,870,880,1836
843,845,870,880,1836
476,846,857,871,874
847,851,856,862,1833
840,848,860,864,1839
843,845,849,880,1836
850,854,859,877,1840
847,851,856,1832,1833
849,852,855,868,1832
843,844,845,853,881
850,854,859,877,1840
849,855,879,1832,1836
844,847,856,862,1832
846,857,871,874,1747
849,858,868,875,1839
850,854,859,877,1840
840,848,860,864,1839
861,862,863,868,1841
847,856,862,863,1832
861,863,866,882,1841
840,864,868,875,1839
865,878,882,1838,1841
844,863,866,1837,1841
7,837,863,867,1841
861,864,868,875,878
850,854,859,869,877
843,845,870,880,1836
25,857,871,874,1747
865,872,878,882,1841
841,851,853,873,1833
476,846,857,871,874
840,864,868,875,1839
851,855,870,876,879
850,854,859,877,1840
865,868,878,882,1841
842,843,855,879,880
843,845,870,880,1836
843,844,845,853,881
878,882,883,1838,1841
865,882,883,1838,1841
468,495,884,888,1843
469,475,885,890,1748
884,886,889,891,1843
265,276,884,887,1843
468,884,888,1392,1843
884,886,889,891,1843
885,886,889,890,1843
884,886,889,891,1843
892,896,897,1217,1845
893,894,897,899,900
894,895,897,900,1844
893,894,895,898,899
892,896,897,1845,1847
892,893,894,896,897
894,895,898,899,915
893,894,895,899,900
893,894,899,900,1844
901,915,919,1394,1848
902,906,907,914,1849
903,918,919,1846,1847
903,904,918,919,1846
905,911,913,914,916
902,905,906,907,916
902,906,907,1639,1936
905,908,911,915,917
902,905,906,909,916
905,910,912,913,917
905,911,913,914,1849
905,911,912,914,916
905,911,913,914,915
905,911,914,916,1849
905,911,913,914,915
905,906,911,914,916
905,912,913,914,917
903,904,916,918,919
914,918,919,1398,1849
920,927,928,929,1850
921,1570,1761,1835,1851
922,946,1577,1701,1851
697,923,927,1761,1850
924,951,1770,1852,1997
925,927,932,935,955
921,926,1570,1744,1851
651,925,927,929,931
920,927,928,929,1850
920,927,928,929,1850
930,931,1570,1572,1573
850,927,931,1572,1851
932,935,941,955,1755
820,933,1639,1755,1821
924,934,950,992,1008
678,932,935,941,955
936,937,954,1853,1855
937,954,959,1854,1855
938,945,948,955,958
43,494,933,939,1474
938,940,944,945,948
932,941,953,1435,1684
941,942,943,953,955
942,943,953,1435,1611
940,944,948,950,1855
938,945,948,955,958
556,933,939,946,1821
946,947,956,1500,1854
938,945,948,952,958
946,949,956,1506,1858
950,997,1001,1395,1954
924,946,947,951,1748
666,938,952,1854,1855
631,637,645,953,1611
937,952,954,1854,1855
932,935,941,942,955
933,939,956,1605,1606
285,939,957,1563,1824
938,945,948,955,958
937,952,959,1854,1855
537,960,968,969,1859
961,965,974,978,982
962,1485,1636,1639,1648
963,968,971,975,1093
541,964,965,1488,1861
961,964,965,978,1019
961,965,966,972,982
576,967,972,1862,1868
960,968,969,975,1859
960,969,979,1017,1859
966,970,971,980,982
961,971,974,978,980
961,966,972,976,982
961,973,978,981,982
961,971,974,978,980
961,963,968,975,979
966,970,972,976,982
961,970,977,981,982
961,965,973,974,978
537,969,979,1025,1859
961,970,971,974,980
973,977,981,1630,1634
961,966,973,977,982
983,993,996,998,1005
984,985,986,1003,1009
984,985,986,991,1003
984,985,986,991,1003
985,987,994,1009,1866
988,990,992,1002,1008
989,993,996,1000,1867
990,999,1004,1008,1865
985,986,991,995,1003
988,990,992,1004,1865
989,993,1000,1005,1867
984,994,995,1009,1866
986,991,995,1003,1009
989,996,998,1000,1005
988,992,997,1007,1864
983,996,998,1000,1005
990,999,1002,1004,1865
993,996,998,1000,1005
985,986,991,1001,1003
988,990,1002,1004,1865
984,985,986,991,1003
990,992,1002,1004,1865
983,996,998,1005,1869
996,998,1006,1008,1865
988,997,1000,1007,1008
988,990,1006,1008,1865
984,994,995,1003,1009
1010,1011,1018,1025,1698
535,1010,1011,1018,1022
1012,1015,1016,1019,1873
1013,1017,1022,1023,1024
1014,1015,1020,1021,1873
1014,1015,1020,1021,1873
1012,1016,1576,1577,1701
1013,1017,1022,1023,1024
537,1011,1018,1022,1023
1019,1020,1021,1861,1873
1014,1015,1020,1021,1873
1014,1015,1020,1021,1873
1013,1017,1018,1022,1023
1013,1017,1018,1022,1023
1013,1017,1022,1023,1024
979,1018,1022,1023,1025
1026,1055,1084,1884,1887
1027,1036,1043,1069,1094
1028,1029,1091,1875,1882
1029,1032,1035,1884,1888
1030,1066,1087,1091,1887
1031,1053,1059,1064,1104
1029,1032,1035,1876,1888
1033,1054,1091,1887,1901
1034,1136,1892,1893,1897
1029,1032,1035,1074,1085
1036,1068,1072,1082,1880
1037,1079,1084,1186,1879
1038,1052,1075,1090,1094
1039,1064,1066,1089,1104
1033,1040,1097,1102,1143
1041,1056,1072,1089,1098
1042,1046,1053,1064,1104
1036,1043,1065,1069,1072
1028,1029,1032,1044,1875
1030,1045,1066,1106,1883
1046,1053,1059,1064,1104
1029,1032,1035,1047,1100
1048,1097,1102,1303,1922
1049,1078,1090,1106,1874
1046,1050,1052,1064,1104
1051,1073,1074,1078,1085
1050,1052,1064,1066,1883
1031,1046,1053,1059,1097
1033,1054,1091,1094,1887
1029,1055,1875,1884,1888
1041,1056,1072,1089,1098
1057,1081,1088,1095,1100
1036,1058,1072,1100,1887
1031,1046,1053,1059,1103
1038,1060,1075,1080,1094
1061,1146,1151,1153,1155
1031,1053,1059,1062,1166
1036,1063,1067,1108,1890
1039,1046,1050,1064,1104
1043,1065,1069,1074,1085
1039,1052,1066,1883,1889
1042,1067,1090,1108,1890
1036,1068,1072,1082,1086
1043,1065,1069,1072,1073
1036,1070,1072,1094,1880
1033,1034,1071,1102,1105
1036,1068,1072,1082,1880
1043,1051,1069,1072,1073
1035,1065,1069,1074,1085
1038,1070,1075,1094,1880
1036,1046,1047,1076,1086
1030,1053,1077,1091,1097
1041,1051,1078,1089,1098
1030,1079,1102,1884,1888
1060,1070,1080,1086,1880
1065,1081,1088,1092,1100
1036,1068,1072,1082,1086
1072,1073,1078,1083,1086
1026,1053,1084,1087,1097
1035,1065,1069,1074,1085
1036,1068,1072,1082,1086
1030,1039,1046,1066,1087
1065,1074,1081,1085,1088
1039,1041,1072,1089,1098
1038,1067,1078,1090,1890
1030,1033,1066,1087,1091
1036,1072,1092,1095,1100
1067,1093,1470,1890,1906
1036,1038,1070,1094,1880
1068,1072,1092,1095,1100
1045,1096,1106,1874,1883
1046,1053,1087,1097,1102
1041,1056,1072,1089,1098
1043,1065,1069,1073,1099
1036,1072,1092,1095,1100
1071,1075,1078,1101,1106
1053,1079,1097,1102,1887
1043,1046,1059,1082,1103
1039,1046,1050,1064,1104
1033,1038,1071,1102,1105
1045,1049,1096,1106,1889
1046,1053,1058,1059,1107
1067,1108,1145,1890,1900
1109,1116,1117,1118,1898
1110,1117,1131,1139,1898
1111,1139,1140,1142,1896
1112,1113,1124,1134,1877
1112,1113,1127,1892,1897
1114,1118,1121,1126,1139
1115,1120,1124,1128,1141
1109,1116,1118,1139,1140
1109,1110,1117,1128,1898
1114,1118,1121,1135,1139
1119,1122,1132,1134,1893
1119,1120,1124,1132,1877
1114,1118,1121,1135,1895
1119,1122,1132,1134,1137
1123,1135,1138,1894,1895
1119,1120,1124,1877,1897
1125,1134,1891,1893,1897
1114,1121,1126,1135,1139
1113,1127,1140,1892,1897
1109,1115,1116,1117,1128
1129,1139,1140,1896,1898
1116,1129,1130,1140,1142
1114,1131,1138,1139,1896
1114,1119,1122,1131,1132
1123,1133,1135,1136,1894
1125,1134,1891,1892,1893
1118,1123,1135,1139,1895
1134,1136,1891,1892,1893
1106,1134,1137,1893,1897
1131,1135,1138,1139,1140
1111,1139,1140,1895,1896
1129,1139,1140,1896,1898
1109,1115,1128,1140,1141
1111,1139,1140,1142,1896
1034,1040,1102,1143,1304
1037,1144,1145,1149,1900
1145,1146,1151,1155,1900
1061,1146,1151,1153,1155
1146,1147,1151,1155,1886
1146,1148,1150,1151,1155
1144,1146,1149,1151,1155
1146,1148,1150,1151,1155
1061,1146,1151,1153,1155
1145,1151,1152,1154,1900
1061,1146,1151,1153,1155
1145,1151,1152,1154,1900
1061,1146,1151,1153,1155
1149,1152,1156,1886,1894
1157,1159,1167,1173,1180
1158,1163,1173,1178,1182
1159,1173,1178,1180,1182
1160,1172,1173,1178,1908
1161,1162,1630,1634,1863
1162,1167,1173,1174,1178
1158,1159,1163,1178,1182
1164,1165,1172,1176,1177
1164,1165,1168,1177,1184
1062,1146,1155,1166,1907
1162,1167,1173,1174,1178
1168,1171,1173,1175,1179
1165,1169,1172,1185,1904
1170,1177,1181,1183,1907
1168,1171,1173,1178,1184
1160,1171,1172,1904,1908
1158,1167,1173,1178,1182
1162,1167,1174,1175,1179
1168,1174,1175,1178,1179
1170,1176,1177,1181,1907
1170,1176,1177,1181,1907
1158,1167,1173,1178,1182
1168,1173,1174,1175,1179
1159,1173,1178,1180,1182
1170,1176,1177,1181,1907
1158,1159,1173,1178,1182
1170,1177,1181,1183,1907
1168,1171,1173,1178,1184
1175,1178,1179,1185,1904
1037,1168,1175,1179,1186
1187,1190,1192,1911,1917
1188,1200,1210,1222,1910
1189,1191,1208,1915,1916
1187,1190,1192,1911,1917
1191,1193,1216,1224,1915
1192,1204,1911,1912,1917
1191,1193,1196,1204,1224
1194,1196,1213,1215,1222
1195,1202,1203,1209,1913
1191,1193,1196,1204,1224
1193,1197,1209,1216,1217
1198,1211,1212,1218,1219
1199,1201,1205,1209,1216
1188,1200,1210,1222,1332
1199,1201,1205,1209,1216
1195,1202,1203,1209,1913
1195,1202,1203,1209,1913
1192,1204,1911,1912,1917
1199,1201,1204,1205,1216
1199,1201,1204,1206,1209
1205,1207,1209,1216,1223
1189,1191,1193,1208,1915
1199,1201,1209,1216,1912
1188,1200,1210,1222,1332
1198,1211,1212,1218,1219
1198,1211,1212,1218,1219
1191,1193,1213,1215,1915
1195,1202,1203,1214,1913
1191,1193,1197,1213,1215
1192,1209,1216,1912,1917
1193,1197,1198,1216,1217
1198,1211,1212,1218,1219
1198,1211,1212,1218,1219
1200,1210,1214,1220,1222
1204,1205,1216,1221,1916
1188,1210,1221,1222,1910
1205,1207,1209,1216,1223
1191,1193,1204,1216,1224
1225,1253,1261,1280,1927
1226,1243,1256,1300,1919
1227,1255,1262,1281,1288
1228,1289,1298,1300,1307
1229,1254,1257,1292,1929
1230,1238,1246,1297,1301
1231,1258,1287,1932,1933
1232,1253,1275,1287,1927
1233,1237,1303,1902,1922
1234,1264,1287,1301,1305
1232,1235,1253,1268,1290
1236,1240,1256,1270,1286
1237,1247,1255,1902,1919
1238,1262,1270,1301,1925
1239,1240,1920,1922,1926
1236,1240,1301,1305,1902
1241,1266,1281,1303,1902
1230,1242,1264,1286,1297
1243,1256,1289,1300,1919
1244,1254,1269,1285,1926
1238,1245,1269,1285,1292
1230,1246,1270,1296,1930
1237,1247,1255,1902,1919
1231,1248,1258,1271,1932
1225,1249,1253,1258,1280
1240,1250,1256,1274,1925
1237,1247,1251,1265,1923
1252,1270,1296,1929,1930
1253,1258,1261,1287,1933
1229,1254,1257,1292,1920
1255,1266,1288,1303,1902
1236,1256,1270,1300,1919
1229,1254,1257,1292,1920
1231,1253,1258,1932,1933
1236,1259,1299,1303,1304
1260,1267,1295,1924,1931
1225,1253,1261,1280,1287
1238,1262,1301,1922,1925
1244,1263,1265,1276,1278
1234,1258,1264,1280,1287
1233,1263,1265,1923,1926
1241,1255,1266,1281,1288
1267,1275,1287,1924,1927
1253,1268,1287,1924,1933
1254,1269,1285,1292,1920
1238,1246,1270,1925,1929
1231,1253,1271,1295,1932
1268,1272,1275,1899,1927
1236,1256,1273,1300,1921
1240,1274,1277,1922,1928
1267,1275,1287,1291,1927
1233,1237,1247,1276,1284
1262,1277,1297,1922,1925
1239,1244,1278,1285,1926
1236,1273,1279,1303,1304
1225,1249,1264,1280,1287
1241,1255,1266,1281,1902
1226,1282,1283,1286,1300
1283,1286,1297,1301,1305
1242,1284,1302,1305,1885
1254,1269,1285,1292,1920
1283,1286,1297,1301,1305
1231,1258,1264,1287,1933
1255,1256,1266,1288,1902
1243,1289,1298,1919,1934
578,592,1249,1290,1775
1225,1231,1253,1275,1291
1229,1254,1257,1292,1920
1249,1279,1293,1294,1918
1249,1279,1293,1294,1918
1268,1271,1295,1924,1933
1238,1246,1270,1296,1929
1230,1264,1286,1297,1301
1228,1256,1289,1298,1300
1247,1299,1303,1902,1922
1243,1256,1300,1307,1919
1264,1283,1286,1297,1301
1302,1305,1307,1885,1922
1255,1301,1303,1902,1922
1273,1279,1303,1304,1902
1234,1283,1286,1301,1305
1161,1295,1306,1924,1927
1255,1286,1301,1305,1307
1308,1311,1319,1337,1937
1309,1316,1320,1938,1946
1308,1310,1319,1339,1938
1308,1311,1365,1369,1946
1312,1325,1328,1337,1937
1313,1326,1329,1339,1941
1313,1314,1322,1326,1941
1315,1316,1319,1339,1938
1315,1316,1319,1339,1938
1310,1317,1319,1324,1339
1316,1318,1319,1325,1938
1308,1316,1319,1339,1938
1309,1316,1320,1383,1938
2,1321,1336,1369,1424
1308,1322,1328,1329,1941
1323,1331,1333,1335,1940
1310,1317,1319,1324,1326
1312,1325,1328,1337,1937
1313,1322,1326,1329,1941
1311,1327,1329,1939,1941
1312,1325,1328,1337,1937
1308,1322,1328,1329,1941
1330,1331,1333,1335,1940
1330,1331,1333,1335,1940
1323,1330,1331,1332,1335
1330,1331,1333,1335,1940
1312,1334,1336,1337,1937
1330,1331,1333,1335,1940
2,1336,1337,1644,1937
1312,1325,1328,1337,1937
21,1313,1314,1338,1935
1315,1316,1319,1339,1938
1340,1346,1348,1349,1350
1341,1346,1349,1350,1942
896,1332,1342,1344,1348
1340,1341,1343,1345,1347
1340,1341,1344,1349,1942
1341,1345,1349,1942,1944
1341,1346,1350,1942,1944
1343,1344,1345,1347,1348
1340,1346,1348,1349,1942
1341,1346,1349,1942,1944
1340,1341,1346,1350,1944
1351,1353,1361,1362,1365
1352,1353,1359,1364,1946
1351,1353,1361,1362,1372
1354,1357,1360,1372,1382
935,1352,1355,1359,1370
561,1290,1356,1369,1849
1354,1357,1360,1372,1949
1351,1354,1357,1358,1372
595,1359,1364,1370,1946
1354,1360,1372,1945,1949
1351,1353,1361,1362,1365
1351,1361,1362,1365,1946
1352,1353,1361,1362,1363
1359,1362,1364,1370,1946
1351,1361,1362,1365,1947
239,915,1366,1394,1648
1351,1353,1365,1367,1947
1357,1358,1368,1947,1948
1321,1356,1359,1361,1369
1359,1364,1370,1762,1946
1368,1370,1371,1946,1948
1353,1354,1357,1360,1372
1354,1373,1374,1945,1949
1374,1379,1382,1945,1951
1375,1379,1382,1951,1952
1354,1360,1376,1945,1950
1377,1379,1384,1950,1952
1377,1378,1379,1380,1951
1375,1379,1382,1945,1951
1377,1378,1380,1945,1950
1377,1381,1383,1384,1952
1374,1375,1379,1382,1951
1381,1383,1384,1950,1952
1377,1381,1383,1384,1950
1385,1386,1387,1391,1445
1385,1386,1390,1425,1446
1385,1387,1391,1443,1445
1388,1401,1418,1435,1439
1377,1378,1380,1383,1389
1385,1386,1390,1408,1411
1385,1387,1391,1403,1444
528,1392,1418,1435,1611
1393,1401,1406,1440,1956
1366,1394,1467,1469,1971
525,559,1395,1421,1954
1396,1400,1409,1427,1964
1397,1413,1414,1430,1849
919,1398,1402,1419,1422
1399,1404,1426,1431,1447
1391,1396,1400,1409,1427
1401,1418,1422,1432,1956
919,1398,1402,1419,1422
1387,1391,1403,1445,1959
1404,1426,1434,1447,1953
1405,1420,1429,1661,1824
1393,1401,1406,1440,1956
1407,1419,1423,1846,1965
1408,1425,1436,1446,1447
1385,1391,1396,1409,1434
1409,1410,1416,1433,1437
1385,1386,1411,1434,1955
1412,1418,1432,1435,1684
1397,1413,1414,1430,1849
1397,1413,1414,1430,1849
1396,1409,1415,1444,1957
1398,1402,1416,1419,1433
32,697,889,1417,1441
1412,1418,1422,1432,1590
919,1398,1402,1419,1422
1394,1420,1429,1786,1846
525,1395,1421,1866,1954
1401,1418,1422,1430,1432
1402,1407,1423,1846,1965
239,1321,1336,1394,1424
1386,1408,1425,1428,1446
1399,1426,1431,1439,1447
1391,1400,1427,1444,1959
1387,1425,1428,1439,1446
1420,1429,1475,1478,1598
1397,1413,1414,1430,1849
1425,1426,1431,1439,1953
1401,1412,1418,1422,1432
1398,1402,1416,1419,1433
1404,1426,1434,1442,1953
528,1392,1412,1418,1435
1403,1408,1436,1447,1959
1409,1410,1416,1433,1437
1422,1425,1432,1438,1962
1388,1426,1431,1439,1950
1393,1401,1406,1440,1956
32,697,889,1417,1441
1404,1411,1434,1442,1953
1385,1387,1395,1443,1445
1387,1391,1403,1444,1959
1387,1403,1443,1445,1959
1386,1408,1425,1431,1446
1399,1404,1408,1426,1447
1448,1451,1456,1457,1611
1435,1449,1453,1455,1460
142,1450,1454,1458,1462
1451,1452,1456,1461,1611
1451,1452,1456,1461,1611
468,1449,1453,1455,1460
142,160,1454,1458,1678
822,1449,1453,1455,1460
1451,1452,1456,1461,1611
1448,1451,1452,1457,1611
160,161,176,1454,1458
1452,1456,1459,1461,1968
1435,1449,1453,1455,1460
1451,1452,1456,1459,1461
142,157,1448,1450,1462
220,517,1463,1593,1595
150,177,649,1464,1781
514,524,1462,1465,1753
1466,1493,1590,1967,1969
36,1401,1467,1469,1971
1438,1468,1469,1962,1992
1394,1467,1469,1476,1971
791,1470,1906,1973,1992
36,820,1471,1474,1830
1469,1472,1475,1476,1478
704,1473,1503,1638,1733
36,820,1471,1474,1830
1429,1469,1475,1476,1478
1469,1475,1476,1478,1500
208,628,812,1477,1661
1429,1469,1475,1476,1478
1114,1135,1138,1479,1881
1480,1481,1486,1823,1975
326,780,1481,1554,1566
1482,1629,1632,1633,1673
1021,1155,1483,1488,1861
537,1484,1817,1906,1992
1485,1489,1628,1636,2010
1480,1481,1486,1823,1975
716,718,809,1487,1698
1021,1155,1483,1488,1861
1485,1489,1644,1760,1973
1490,1491,1497,1500,1501
1490,1491,1497,1498,1503
652,658,663,1492,1977
515,1493,1495,1590,1967
1494,1603,1608,1609,1610
515,1493,1495,1590,1967
1496,1502,1505,1521,1978
1490,1491,1497,1501,1507
514,1491,1498,1753,1756
807,810,1499,1504,1825
518,1449,1500,1503,1606
1490,1491,1497,1498,1501
1493,1495,1502,1976,1978
1491,1500,1503,1605,1755
807,810,1499,1504,1825
1495,1496,1502,1505,1978
627,949,1506,1789,1858
449,1497,1503,1507,1523
448,1508,1514,1530,1739
1509,1532,1536,1551,1985
247,357,1510,1524,1526
1511,1517,1521,1522,1529
1512,1520,1530,1541,1986
257,812,1513,1515,1780
1508,1514,1518,1520,1538
245,254,1510,1515,1526
1516,1526,1551,1981,1985
1511,1517,1529,1536,1547
1514,1518,1538,1542,1739
628,709,724,1519,1799
1508,1512,1514,1520,1530
1496,1512,1515,1521,1529
1522,1536,1547,1983,1985
375,397,410,1523,1689
247,357,1510,1524,1526
255,256,502,1525,1527
1510,1516,1524,1526,1535
147,256,1527,1534,2000
380,420,1514,1528,1533
1516,1517,1529,1551,1981
1508,1512,1520,1530,1988
380,1514,1528,1531,1533
1509,1532,1549,1551,1985
380,1514,1528,1531,1533
256,1534,1545,1984,2008
247,1526,1527,1534,1535
1522,1536,1547,1551,1985
374,397,1508,1528,1537
1514,1518,1538,1544,1980
1508,1518,1538,1539,1544
1514,1538,1540,1544,1980
1512,1530,1541,1986,1988
1514,1518,1528,1538,1542
1510,1532,1543,1551,1985
448,1514,1538,1544,1739
808,1534,1545,1984,1989
224,615,1546,1777,1824
1517,1522,1536,1547,1983
1521,1529,1541,1548,1552
1549,1551,1553,1985,1989
245,1510,1518,1550,1980
1516,1549,1551,1981,1985
808,1516,1552,1981,1989
1534,1545,1549,1553,1989
326,1554,1555,1559,1566
1554,1555,1559,1565,1566
531,1556,1562,1564,1990
444,446,795,1557,1993
225,229,1558,1560,1566
1554,1555,1559,1565,1566
509,1123,1560,1568,1993
782,792,1561,1943,1993
531,1556,1562,1564,1990
531,1556,1562,1563,1564
531,1556,1562,1564,1990
1554,1555,1559,1565,1566
1481,1554,1555,1559,1566
810,1567,1697,1800,1826
752,756,1560,1561,1568
1569,1574,1577,1578,1995
1023,1025,1570,1764,1851
1571,1573,1761,1764,1996
850,877,1570,1572,1573
877,1570,1572,1573,1840
1569,1574,1576,1578,1994
577,583,584,612,1575
1576,1577,1580,1584,1995
1576,1577,1578,1994,1995
1569,1574,1577,1578,1995
1579,1580,1584,1585,1998
608,1576,1579,1580,1584
1579,1581,1585,1587,1998
1579,1581,1582,1585,1998
535,569,570,1583,1871
608,1576,1579,1580,1584
1581,1582,1585,1587,1998
608,1579,1582,1586,1997
1579,1581,1585,1587,1998
605,1275,1588,1591,1930
531,1562,1564,1589,1990
1493,1495,1590,1967,1969
605,1275,1588,1591,1930
836,1592,1625,1999,2001
1593,1595,1625,1753,2001
509,993,1389,1468,1594
1593,1595,1625,1753,2001
512,523,696,697,1596
812,1597,1616,1619,2007
1598,1603,1609,1614,1753
1599,1602,1613,1624,2005
1600,1618,1625,2001,2003
1601,1604,1609,1612,1625
1599,1602,1613,1624,2005
1603,1608,1610,1621,2004
1601,1604,1609,1612,1625
411,933,1605,1728,1821
831,1606,1622,1753,1829
1418,1422,1432,1495,1607
1603,1608,1610,1621,2004
1603,1608,1609,1610,2004
1603,1608,1610,1621,2004
528,1448,1451,1456,1611
1601,1604,1609,1612,1625
1599,1602,1613,1624,2005
1598,1603,1609,1614,1753
1603,1610,1615,1621,2004
812,1597,1616,1619,2007
514,524,1465,1617,1968
1459,1604,1618,1625,1968
812,1597,1616,1619,2007
636,646,1620,1622,1745
1603,1608,1610,1621,2004
831,1606,1622,1829,1831
1599,1613,1623,1624,2005
1599,1602,1613,1624,2005
1459,1609,1624,1625,1968
1626,1629,1632,1633,2010
1627,1630,1634,1635,2012
1628,1629,1631,1632,1635
1626,1628,1629,1632,1633
1627,1630,1634,1635,2012
1628,1629,1631,1632,1635
1626,1628,1629,1632,1633
1626,1629,1632,1633,1638
1627,1630,1634,1635,2012
1628,1630,1631,1634,1635
1629,1636,1637,2009,2010
48,1636,1637,2009,2010
1633,1636,1638,2010,2011
193,215,902,907,1639
4,17,25,31,1640
6,13,16,18,1641
9,15,17,20,1642
2,4,16,1643,1644
2,16,585,1643,1644
108,117,128,1645,1665
26,28,32,1417,1646
574,1466,1493,1590,1647
36,820,1648,1827,1830
36,37,41,1649,1830
35,41,43,468,1650
68,100,101,1651,1652
68,80,83,1651,1652
79,82,95,99,1653
47,60,65,98,1654
57,61,82,102,1655
1109,1127,1128,1141,1656
47,60,62,69,1657
69,79,81,84,1658
48,66,72,96,1659
50,82,95,1653,1660
804,805,1487,1611,1661
56,60,74,100,1662
127,134,136,1663,1667
105,106,109,116,1664
104,108,117,126,1665
108,117,126,1665,1666
127,134,136,1663,1667
103,112,132,133,1668
103,116,118,131,1669
143,173,185,1670,1674
143,157,158,169,1671
140,144,149,184,1672
178,182,191,1632,1673
143,173,185,1670,1674
146,152,165,179,1675
151,166,187,1676,1680
167,181,183,1670,1677
142,157,169,1671,1678
171,172,175,186,1679
151,166,168,187,1680
215,701,1681,1684,1958
195,205,210,213,1682
215,902,906,1681,1683
574,1013,1017,1024,1684
192,197,202,211,1685
463,471,473,493,1686
219,220,510,1687,1688
219,220,510,1687,1688
217,226,1550,1689,1739
222,224,1528,1531,1690
73,237,240,1649,1691
2,14,242,915,1692
10,232,233,236,1693
246,252,259,1694,1799
533,713,1694,1695,1799
251,730,732,1696,1806
257,415,1697,1800,1826
261,272,283,1698,1699
271,279,281,1698,1699
271,272,273,274,1700
266,267,1012,1016,1701
269,270,281,283,1702
287,288,1703,1722,1814
516,790,1506,1704,1711
324,332,354,1705,1718
320,339,348,1706,1713
295,301,316,319,1707
300,316,350,1707,1708
308,313,323,1709,1712
296,332,347,354,1710
371,1606,1622,1711,1779
301,308,319,1709,1712
307,320,348,349,1713
316,334,1707,1714,1715
303,316,318,323,1715
315,331,1555,1565,1716
320,326,328,1706,1717
294,316,332,354,1718
299,364,369,1719,1721
293,306,312,345,1720
362,364,365,367,1721
315,359,366,1555,1722
387,422,424,456,1723
377,387,423,424,1724
406,416,1725,1730,1733
373,405,413,1726,1729
374,392,409,1727,1731
411,432,627,1728,1736
373,405,413,1726,1729
406,416,1725,1730,1733
373,374,409,419,1731
387,422,424,1723,1732
411,1622,1733,1741,2006
436,1518,1539,1734,1980
434,443,447,1735,1737
411,432,434,1728,1736
428,446,1737,1738,1739
428,444,446,1737,1738
448,1508,1544,1737,1739
451,452,458,1740,1742
1733,1741,1858,1966,2006
451,452,458,1740,1742
466,467,470,491,1743
464,470,472,491,1744
469,475,492,1745,1748
463,477,480,493,1746
25,476,494,1747,1748
469,475,476,1747,1748
471,473,474,496,1749
502,504,505,1750,1984
503,505,508,1750,1751
502,503,504,1750,1752
514,1459,1611,1753,1758
246,259,810,1754,1826
535,562,933,1755,1778
514,1448,1462,1498,1756
380,615,1754,1757,1780
511,1611,1754,1758,1826
540,543,544,1483,1759
1489,1561,1644,1760,1943
593,1761,1764,1765,1771
554,555,1022,1762,1767
547,551,1763,1764,1765
1761,1763,1764,1765,1771
551,1370,1763,1764,1765
548,572,576,594,1766
554,555,571,1762,1767
563,564,565,566,1768
600,603,607,1769,1773
558,578,596,602,1770
547,551,593,599,1771
545,553,581,595,1772
600,603,607,1769,1773
591,597,611,1774,1775
579,612,1290,1775,1776
579,603,612,1775,1776
401,614,615,616,1777
535,562,1484,1755,1778
305,371,629,1622,1779
615,622,625,629,1780
643,649,1464,1781,1782
661,1781,1782,1785,1787
466,467,468,495,1783
633,634,642,1746,1784
630,643,648,1782,1785
1597,1616,1619,1786,1789
528,661,810,1782,1787
650,659,665,677,1788
399,442,627,1786,1789
667,672,674,678,1790
658,660,663,676,1791
679,680,685,1792,1794
679,685,1792,1793,1794
679,680,685,1792,1794
689,695,1795,1797,1798
325,688,699,702,1796
689,695,1795,1797,1798
689,695,699,1795,1798
533,720,1694,1695,1799
257,415,1567,1697,1800
705,713,722,726,1801
705,713,722,727,1802
710,1520,1530,1803,1804
415,709,724,726,1804
221,733,734,1512,1805
730,732,1696,1806,1807
730,732,738,1806,1807
739,778,794,1808,1822
743,746,747,749,1809
561,572,577,1810,1871
751,754,757,760,1811
754,757,1811,1812,1813
754,757,1811,1812,1813
287,788,800,1814,1823
753,756,766,768,1815
550,578,585,596,1816
535,769,1025,1484,1817
770,773,798,1818,1819
772,781,798,1818,1819
739,771,778,1576,1820
795,933,1755,1821,1823
772,794,1808,1819,1822
780,788,791,795,1823
615,811,1616,1619,1824
804,807,810,1825,1826
809,1697,1800,1825,1826
820,822,1432,1648,1827
827,830,831,833,1828
831,1456,1679,1829,1831
36,43,191,1648,1830
816,818,823,1829,1831
838,845,856,862,1832
847,851,856,1832,1833
840,848,864,875,1834
865,872,878,1835,1838
844,845,870,880,1836
844,866,870,1836,1837
865,878,882,883,1838
840,848,864,875,1839
850,854,859,877,1840
863,865,878,882,1841
1448,1457,1786,1825,1842
886,888,889,891,1843
894,895,899,900,1844
1290,1644,1845,1886,1936
903,915,919,1846,1847
903,915,1407,1846,1847
901,915,919,1394,1848
905,911,914,1849,1943
651,923,927,929,1850
1023,1025,1570,1762,1851
551,562,1681,1765,1852
39,44,936,952,1853
947,952,1854,1855,1858
937,952,954,1854,1855
651,672,674,678,1856
398,523,1444,1755,1857
949,1506,1606,1622,1858
960,969,979,1017,1859
1268,1272,1295,1775,1860
1019,1021,1488,1861,1873
576,594,967,1766,1862
1627,1630,1634,1635,1863
988,992,997,1007,1864
990,999,1004,1008,1865
984,994,1009,1421,1866
989,993,1005,1867,1869
563,565,566,1145,1868
996,998,1005,1867,1869
32,1484,1870,1872,1906
537,550,574,1022,1871
1484,1702,1870,1872,1906
1014,1015,1020,1021,1873
1049,1070,1096,1106,1874
1032,1055,1875,1884,1888
1029,1032,1055,1875,1876
1119,1124,1137,1877,1901
1031,1074,1085,1878,1887
1033,1037,1079,1084,1879
1036,1070,1072,1094,1880
1038,1042,1075,1881,1894
1028,1029,1091,1875,1882
1052,1066,1880,1883,1889
1029,1055,1875,1884,1888
1302,1305,1307,1885,1922
1170,1176,1183,1886,1907
1043,1066,1069,1103,1887
1029,1055,1875,1884,1888
1039,1066,1089,1883,1889
1038,1067,1090,1108,1890
1125,1134,1891,1892,1893
1134,1136,1891,1892,1893
1125,1134,1891,1892,1893
1108,1123,1138,1881,1894
1135,1139,1140,1895,1896
1111,1139,1140,1896,1898
1134,1891,1892,1893,1897
1129,1139,1140,1896,1898
1170,1183,1268,1899,1907
1145,1146,1151,1155,1900
1033,1038,1087,1091,1901
1255,1301,1303,1902,1922
1157,1160,1162,1172,1903
1169,1171,1172,1185,1904
46,76,1093,1905,1909
537,960,1470,1484,1906
1170,1176,1181,1183,1907
1160,1172,1185,1904,1908
76,969,1235,1905,1909
1188,1199,1221,1222,1910
1187,1190,1911,1912,1917
1192,1204,1911,1912,1917
1195,1202,1203,1913,1916
772,782,787,1914,1923
1189,1191,1193,1224,1915
1191,1193,1209,1913,1916
1192,1204,1911,1912,1917
1249,1279,1293,1294,1918
1256,1289,1300,1919,1934
1236,1254,1257,1292,1920
1236,1240,1273,1902,1921
1255,1262,1303,1902,1922
1277,1283,1286,1923,1926
1267,1287,1924,1927,1933
1238,1262,1270,1301,1925
1239,1240,1921,1926,1931
1225,1232,1267,1924,1927
1246,1262,1296,1928,1930
1252,1270,1296,1929,1930
1246,1925,1929,1930,1931
1246,1262,1922,1930,1931
1231,1248,1253,1258,1932
1231,1258,1287,1924,1933
1255,1300,1307,1919,1934
1318,1323,1396,1409,1935
902,906,907,1639,1936
1312,1325,1328,1337,1937
1315,1316,1319,1339,1938
1322,1327,1329,1939,1941
1330,1331,1333,1335,1940
1308,1322,1328,1329,1941
1341,1346,1349,1942,1944
902,914,1561,1849,1943
36,1346,1349,1350,1944
1379,1945,1949,1950,1951
1359,1362,1364,1370,1946
1351,1353,1365,1367,1947
1351,1370,1371,1946,1948
1354,1360,1373,1945,1949
1377,1384,1945,1950,1952
1375,1379,1382,1945,1951
1375,1381,1383,1950,1952
1404,1426,1431,1434,1953
525,559,1395,1421,1954
1385,1403,1411,1445,1955
1393,1401,1406,1440,1956
1396,1409,1415,1444,1957
1383,1412,1849,1952,1958
1391,1403,1436,1445,1959
145,1411,1425,1960,1961
145,1411,1425,1960,1961
1422,1425,1432,1438,1962
1408,1431,1446,1447,1963
1403,1408,1959,1962,1964
1407,1419,1423,1846,1965
469,475,1745,1748,1966
515,1493,1590,1967,1969
1452,1456,1459,1461,1968
515,1493,1590,1967,1969
398,1477,1487,1661,1970
36,1401,1467,1469,1971
208,1429,1477,1970,1972
544,1123,1881,1895,1973
539,699,1480,1486,1974
780,1588,1591,1823,1975
658,1435,1502,1976,1977
652,658,1492,1976,1977
1024,1495,1502,1684,1978
1482,1505,1629,1632,1979
1518,1538,1544,1550,1980
1516,1526,1551,1981,1985
249,252,1531,1533,1982
1517,1522,1536,1547,1983
808,1534,1545,1984,1989
1516,1549,1551,1981,1985
1512,1530,1541,1986,1988
1516,1527,1534,1981,1987
1512,1530,1541,1986,1988
808,1534,1545,1984,1989
531,1556,1562,1564,1990
1554,1555,1565,1722,1991
1470,1484,1866,1958,1992
291,1557,1560,1561,1993
1569,1574,1576,1577,1994
1576,1577,1578,1584,1995
1571,1573,1761,1764,1996
611,1585,1586,1997,1998
1579,1581,1585,1587,1998
1593,1595,1753,1999,2001
1556,1562,1564,1990,2000
1593,1595,1625,1999,2001
888,1500,1606,1966,2002
1593,1617,1625,2001,2003
1603,1608,1610,1621,2004
1599,1602,1613,1624,2005
397,403,405,1733,2006
1454,1597,1616,1619,2007
147,256,1534,2000,2008
48,1636,1637,2009,2010
1629,1636,1637,2009,2010
1633,1636,1638,2010,2011
1627,1630,1634,1635,2012
